100 1949
0 2
0 13
0 26
0 47
0 50
0 53
0 59
0 65
0 76
0 92
0 94
1 30
1 34
1 36
1 40
1 42
1 47
1 49
1 55
1 59
1 61
1 63
1 69
1 71
1 79
1 81
1 82
1 87
1 90
1 97
2 0
2 1
2 13
2 22
2 23
2 28
2 36
2 37
2 49
2 62
2 63
2 68
2 70
2 76
2 80
2 84
2 90
2 92
2 96
2 97
2 99
3 4
3 8
3 16
3 21
3 23
3 24
3 28
3 31
3 33
3 34
3 39
3 41
3 44
3 47
3 51
3 66
3 71
3 72
3 73
3 75
3 78
3 80
3 84
3 96
4 6
4 10
4 11
4 15
4 22
4 29
4 33
4 39
4 42
4 45
4 49
4 51
4 53
4 55
4 60
4 61
4 68
4 74
4 78
4 79
4 82
5 7
5 10
5 12
5 18
5 22
5 23
5 25
5 35
5 38
5 42
5 47
5 48
5 55
5 57
5 59
5 60
5 61
5 65
5 70
5 72
5 77
5 79
5 86
5 88
5 90
6 4
6 8
6 12
6 15
6 21
6 23
6 28
6 30
6 37
6 42
6 49
6 52
6 59
6 60
6 63
6 65
6 69
6 71
6 75
6 78
6 79
6 83
6 86
6 88
6 91
6 95
6 99
7 2
7 5
7 10
7 18
7 24
7 26
7 27
7 45
7 53
7 59
7 64
7 65
7 66
7 72
7 76
7 91
7 93
7 95
7 96
7 98
7 99
8 0
8 11
8 21
8 24
8 27
8 30
8 32
8 46
8 54
8 56
8 62
8 64
8 69
8 74
8 76
8 81
8 82
8 87
8 91
8 99
9 1
9 3
9 5
9 12
9 27
9 36
9 40
9 43
9 47
9 54
9 62
9 64
9 80
9 81
9 84
9 86
9 92
10 5
10 14
10 20
10 24
10 46
10 54
10 57
10 66
10 69
10 75
10 91
10 93
10 98
11 2
11 3
11 13
11 15
11 19
11 24
11 29
11 33
11 34
11 40
11 47
11 53
11 54
11 56
11 58
11 66
11 73
11 75
11 79
11 83
11 97
12 7
12 10
12 16
12 21
12 22
12 27
12 31
12 35
12 42
12 43
12 52
12 53
12 57
12 58
12 64
12 69
12 81
12 84
12 90
13 4
13 8
13 10
13 14
13 25
13 26
13 36
13 38
13 39
13 49
13 53
13 54
13 56
13 57
13 77
13 84
13 87
13 89
13 94
13 96
14 9
14 12
14 13
14 16
14 22
14 32
14 34
14 35
14 50
14 52
14 56
14 61
14 63
14 66
14 68
14 75
14 81
14 88
14 89
14 90
14 92
14 94
14 95
15 4
15 10
15 11
15 18
15 19
15 21
15 25
15 26
15 32
15 38
15 39
15 42
15 44
15 50
15 55
15 66
15 70
15 73
15 82
15 91
15 92
16 10
16 13
16 20
16 21
16 28
16 37
16 38
16 44
16 45
16 53
16 55
16 56
16 59
16 62
16 63
16 82
16 85
16 92
17 1
17 8
17 13
17 15
17 21
17 30
17 36
17 51
17 56
17 57
17 58
17 66
17 90
17 91
18 0
18 4
18 11
18 23
18 24
18 28
18 29
18 48
18 50
18 54
18 63
18 65
18 66
18 73
18 77
18 91
18 94
18 97
19 6
19 7
19 13
19 17
19 18
19 26
19 31
19 33
19 35
19 38
19 48
19 60
19 61
19 64
19 69
19 75
19 77
19 80
19 85
19 91
19 95
20 4
20 5
20 16
20 23
20 25
20 26
20 36
20 45
20 46
20 48
20 49
20 51
20 54
20 58
20 59
20 60
20 62
20 71
20 73
20 81
20 87
20 88
20 91
20 99
21 2
21 13
21 20
21 44
21 48
21 50
21 51
21 58
21 60
21 64
21 67
21 69
21 73
21 74
21 77
21 87
21 88
21 91
21 93
21 94
21 96
22 3
22 13
22 14
22 24
22 34
22 53
22 57
22 58
22 70
22 77
23 6
23 14
23 25
23 33
23 37
23 43
23 64
23 68
23 70
23 74
23 83
23 84
23 89
23 91
23 92
23 94
23 95
24 2
24 3
24 5
24 18
24 20
24 21
24 23
24 26
24 37
24 45
24 47
24 50
24 53
24 60
24 69
24 90
24 99
25 4
25 6
25 20
25 31
25 33
25 36
25 44
25 56
25 59
25 60
25 67
25 68
25 69
25 71
25 78
25 80
25 93
25 94
25 99
26 2
26 6
26 19
26 33
26 39
26 43
26 44
26 45
26 53
26 54
26 57
26 64
26 67
26 68
26 79
26 83
26 89
26 92
27 2
27 4
27 6
27 11
27 13
27 18
27 20
27 21
27 23
27 28
27 33
27 35
27 36
27 46
27 49
27 50
27 51
27 52
27 53
27 59
27 63
27 66
27 73
27 86
27 91
27 92
27 94
27 96
27 97
28 9
28 11
28 13
28 14
28 17
28 20
28 23
28 29
28 38
28 41
28 42
28 44
28 53
28 54
28 59
28 60
28 68
28 82
28 84
28 85
28 88
28 91
28 93
29 2
29 11
29 17
29 21
29 24
29 28
29 30
29 31
29 38
29 41
29 46
29 48
29 49
29 62
29 67
29 71
29 78
29 90
29 92
29 94
30 13
30 15
30 17
30 25
30 26
30 29
30 36
30 41
30 50
30 51
30 57
30 58
30 61
30 70
30 78
30 93
30 94
30 95
31 2
31 8
31 11
31 15
31 17
31 27
31 28
31 37
31 44
31 45
31 46
31 47
31 49
31 55
31 57
31 64
31 65
31 68
31 80
31 85
31 98
32 12
32 13
32 15
32 22
32 24
32 42
32 54
32 60
32 74
32 76
32 78
32 84
32 93
32 95
32 97
32 99
33 2
33 3
33 4
33 5
33 7
33 8
33 14
33 15
33 20
33 24
33 29
33 30
33 34
33 42
33 51
33 56
33 57
33 62
33 63
33 72
33 79
33 82
33 83
33 88
33 89
34 1
34 5
34 21
34 39
34 44
34 54
34 55
34 58
34 68
34 74
34 80
34 82
34 90
34 95
34 96
34 99
35 0
35 3
35 6
35 8
35 9
35 20
35 29
35 38
35 41
35 45
35 46
35 53
35 62
35 78
35 87
35 96
36 3
36 5
36 12
36 17
36 20
36 21
36 22
36 26
36 29
36 30
36 39
36 40
36 41
36 44
36 50
36 53
36 65
36 67
36 70
36 75
36 91
36 92
36 97
37 6
37 7
37 10
37 11
37 17
37 18
37 19
37 25
37 27
37 34
37 38
37 40
37 42
37 43
37 52
37 53
37 60
37 62
37 65
37 76
37 80
37 81
37 83
37 89
37 90
37 93
37 98
38 3
38 4
38 7
38 26
38 33
38 41
38 42
38 49
38 51
38 57
38 59
38 67
38 75
38 81
38 92
39 18
39 20
39 23
39 24
39 30
39 36
39 38
39 47
39 49
39 50
39 59
39 60
39 61
39 62
39 67
39 73
39 74
39 79
39 83
39 84
39 97
40 5
40 12
40 17
40 18
40 19
40 22
40 41
40 45
40 46
40 49
40 69
40 70
40 81
40 87
41 20
41 26
41 33
41 35
41 37
41 47
41 53
41 66
41 68
41 71
41 72
41 73
41 91
41 92
41 96
42 3
42 8
42 17
42 19
42 21
42 35
42 40
42 41
42 47
42 50
42 53
42 61
42 62
42 64
42 67
42 68
42 72
42 73
42 79
42 80
42 89
43 11
43 14
43 23
43 24
43 38
43 47
43 58
43 61
43 63
43 65
43 68
43 72
43 79
43 93
43 95
44 1
44 3
44 4
44 5
44 14
44 23
44 26
44 30
44 40
44 43
44 58
44 60
44 88
44 91
45 5
45 20
45 29
45 31
45 33
45 36
45 57
45 67
45 70
45 71
45 78
45 83
45 84
45 86
45 95
46 6
46 9
46 10
46 15
46 16
46 18
46 22
46 32
46 34
46 36
46 45
46 51
46 52
46 54
46 59
46 61
46 64
46 66
46 67
46 76
46 96
47 0
47 2
47 3
47 10
47 21
47 25
47 27
47 31
47 34
47 42
47 46
47 48
47 49
47 51
47 55
47 61
47 64
47 65
47 66
47 70
47 75
47 78
47 84
47 86
47 90
47 91
47 94
47 95
47 97
48 7
48 14
48 19
48 20
48 23
48 24
48 26
48 37
48 44
48 54
48 59
48 62
48 69
48 73
48 74
48 75
48 79
48 84
48 85
48 99
49 3
49 4
49 6
49 11
49 12
49 15
49 17
49 27
49 29
49 31
49 32
49 35
49 40
49 47
49 50
49 54
49 57
49 61
49 64
49 67
49 78
49 80
49 87
49 94
49 97
50 1
50 4
50 16
50 19
50 30
50 31
50 39
50 41
50 42
50 54
50 58
50 64
50 68
50 82
50 88
50 90
50 92
50 95
51 1
51 9
51 11
51 12
51 15
51 22
51 30
51 31
51 42
51 48
51 53
51 60
51 66
51 72
51 79
51 82
51 86
51 87
51 90
51 93
51 98
52 6
52 12
52 13
52 17
52 31
52 59
52 61
52 71
52 73
52 83
52 84
52 85
52 86
52 98
53 0
53 7
53 15
53 25
53 31
53 33
53 39
53 41
53 49
53 58
53 59
53 68
53 72
53 74
53 81
53 88
53 90
53 94
54 0
54 1
54 11
54 16
54 19
54 24
54 28
54 38
54 43
54 52
54 53
54 56
54 60
54 65
54 76
54 78
54 82
54 87
54 88
54 91
54 93
54 96
55 2
55 4
55 7
55 9
55 11
55 22
55 23
55 32
55 35
55 36
55 38
55 42
55 52
55 61
55 63
55 64
55 67
55 72
55 73
55 82
55 89
55 92
55 95
55 96
55 97
56 5
56 7
56 8
56 12
56 13
56 17
56 20
56 23
56 28
56 32
56 40
56 46
56 54
56 55
56 64
56 69
56 71
56 72
56 79
56 81
56 82
56 88
56 93
56 94
57 16
57 17
57 18
57 19
57 25
57 31
57 33
57 40
57 44
57 46
57 47
57 52
57 54
57 64
57 67
57 76
57 79
57 88
57 96
58 2
58 4
58 7
58 9
58 23
58 25
58 27
58 32
58 46
58 50
58 52
58 54
58 55
58 66
58 67
58 73
58 81
58 84
58 88
58 91
59 4
59 11
59 17
59 19
59 22
59 26
59 28
59 44
59 47
59 50
59 64
59 68
59 83
59 90
59 94
60 4
60 9
60 10
60 11
60 14
60 24
60 34
60 42
60 43
60 44
60 51
60 52
60 54
60 68
60 69
60 71
60 73
60 74
60 78
60 87
60 92
60 94
60 96
61 9
61 11
61 13
61 19
61 24
61 26
61 27
61 34
61 37
61 39
61 40
61 44
61 48
61 55
61 56
61 58
61 60
61 64
61 74
61 80
61 82
61 91
62 1
62 2
62 4
62 5
62 11
62 12
62 17
62 19
62 22
62 24
62 41
62 43
62 47
62 50
62 52
62 55
62 57
62 58
62 69
62 72
62 73
62 75
62 77
62 78
62 88
62 91
62 96
62 99
63 13
63 15
63 17
63 23
63 31
63 38
63 40
63 51
63 52
63 53
63 54
63 57
63 62
63 72
63 73
63 74
63 81
63 89
63 97
63 98
64 2
64 3
64 9
64 22
64 26
64 29
64 39
64 40
64 45
64 49
64 54
64 57
64 63
64 66
64 72
64 82
64 85
64 89
64 90
65 2
65 4
65 8
65 10
65 11
65 20
65 22
65 24
65 25
65 26
65 28
65 41
65 48
65 49
65 60
65 84
65 89
65 92
65 96
65 98
66 3
66 4
66 5
66 18
66 23
66 31
66 33
66 43
66 48
66 51
66 53
66 67
66 68
66 71
66 77
66 81
66 92
66 93
66 98
66 99
67 2
67 6
67 11
67 38
67 44
67 45
67 46
67 50
67 51
67 54
67 55
67 63
67 64
67 72
67 76
67 81
67 88
67 90
67 92
68 13
68 14
68 20
68 22
68 23
68 44
68 53
68 57
68 63
68 64
68 66
68 71
68 72
68 73
68 89
68 90
68 91
69 1
69 2
69 9
69 12
69 19
69 22
69 24
69 25
69 26
69 32
69 41
69 43
69 44
69 52
69 53
69 57
69 58
69 62
69 67
69 70
69 71
69 73
69 79
69 80
69 82
69 85
69 87
69 91
69 94
70 5
70 10
70 12
70 13
70 15
70 16
70 31
70 33
70 34
70 35
70 38
70 46
70 48
70 50
70 55
70 58
70 63
70 67
70 76
70 91
70 98
71 2
71 8
71 23
71 24
71 35
71 43
71 47
71 52
71 64
71 72
71 79
71 82
71 84
71 88
71 91
71 99
72 0
72 2
72 17
72 18
72 20
72 21
72 35
72 38
72 63
72 65
72 67
72 88
72 91
72 96
72 99
73 1
73 5
73 22
73 30
73 42
73 62
73 68
73 69
73 75
73 79
73 90
73 97
74 5
74 6
74 13
74 17
74 27
74 29
74 31
74 33
74 34
74 37
74 40
74 52
74 57
74 60
74 61
74 63
74 69
74 79
74 90
74 94
75 4
75 6
75 16
75 24
75 25
75 26
75 34
75 37
75 40
75 44
75 46
75 48
75 57
75 63
75 64
75 65
75 66
75 68
75 70
75 71
75 79
75 87
75 92
75 95
75 96
75 98
76 1
76 9
76 11
76 15
76 20
76 25
76 39
76 45
76 47
76 65
76 67
76 72
76 74
76 83
76 86
76 88
77 1
77 3
77 6
77 15
77 19
77 24
77 30
77 31
77 32
77 33
77 34
77 38
77 39
77 40
77 44
77 47
77 49
77 50
77 51
77 53
77 57
77 60
77 61
77 63
77 64
77 81
77 85
77 91
77 98
78 3
78 24
78 31
78 39
78 40
78 49
78 57
78 67
78 70
78 87
78 92
78 93
79 2
79 14
79 18
79 20
79 24
79 41
79 43
79 44
79 46
79 48
79 51
79 52
79 61
79 64
79 69
79 73
79 74
79 77
79 78
79 90
79 93
79 99
80 1
80 5
80 9
80 10
80 20
80 24
80 34
80 37
80 39
80 40
80 52
80 55
80 64
80 65
80 68
80 71
80 77
80 82
80 93
80 94
80 96
81 6
81 20
81 30
81 31
81 39
81 40
81 41
81 51
81 52
81 65
81 67
81 69
81 70
81 73
81 86
81 91
81 95
82 3
82 4
82 7
82 25
82 29
82 30
82 39
82 42
82 46
82 57
82 60
82 65
82 71
82 72
82 88
82 93
82 94
83 10
83 17
83 39
83 43
83 52
83 55
83 57
83 63
83 88
83 89
83 96
83 97
84 3
84 5
84 12
84 29
84 33
84 39
84 48
84 62
84 63
84 64
84 66
84 77
84 79
84 86
84 87
84 88
85 6
85 9
85 13
85 15
85 22
85 29
85 36
85 38
85 45
85 50
85 56
85 61
85 69
85 71
85 81
85 86
85 94
85 99
86 4
86 6
86 11
86 14
86 15
86 20
86 22
86 25
86 28
86 37
86 44
86 51
86 54
86 70
86 77
86 79
86 92
86 99
87 0
87 2
87 8
87 11
87 28
87 29
87 31
87 51
87 53
87 57
87 59
87 60
87 67
87 68
87 69
87 83
87 86
87 94
87 96
87 98
88 0
88 1
88 2
88 15
88 17
88 18
88 24
88 27
88 37
88 38
88 44
88 51
88 53
88 56
88 57
88 63
88 67
88 78
88 82
88 93
88 98
89 0
89 2
89 7
89 8
89 9
89 11
89 14
89 19
89 23
89 38
89 43
89 44
89 72
89 73
89 76
89 79
89 86
89 88
89 91
89 93
89 94
89 95
90 7
90 10
90 15
90 16
90 18
90 22
90 24
90 25
90 36
90 54
90 58
90 63
90 64
90 65
90 67
90 70
90 78
90 98
91 4
91 12
91 15
91 20
91 21
91 31
91 42
91 44
91 47
91 49
91 56
91 57
91 68
91 74
91 76
91 83
91 85
91 92
91 98
91 99
92 9
92 16
92 28
92 40
92 41
92 42
92 54
92 65
92 67
92 71
92 75
92 80
92 86
93 4
93 9
93 10
93 12
93 14
93 17
93 29
93 30
93 35
93 47
93 53
93 54
93 55
93 62
93 67
93 72
93 77
94 2
94 13
94 19
94 29
94 30
94 31
94 33
94 35
94 36
94 37
94 41
94 44
94 60
94 64
94 68
94 70
94 71
94 77
94 81
94 82
94 86
94 96
95 7
95 20
95 28
95 35
95 38
95 40
95 44
95 50
95 58
95 64
95 68
95 70
95 71
95 79
95 80
95 98
95 99
96 3
96 10
96 24
96 32
96 40
96 46
96 48
96 60
96 61
96 62
96 63
96 66
96 75
96 82
96 86
96 87
96 88
96 90
96 91
97 5
97 9
97 11
97 23
97 27
97 30
97 31
97 35
97 39
97 44
97 51
97 56
97 65
97 66
97 68
97 70
97 84
97 87
97 93
97 96
98 0
98 3
98 4
98 11
98 12
98 13
98 17
98 18
98 21
98 28
98 29
98 37
98 45
98 47
98 56
98 57
98 60
98 67
98 81
98 85
98 86
98 96
98 97
99 0
99 1
99 8
99 13
99 19
99 24
99 30
99 37
99 43
99 52
99 57
99 59
99 64
99 69
99 78
99 84
99 96
