100 3003
0 1
0 2
0 4
0 12
0 13
0 14
0 15
0 16
0 22
0 23
0 26
0 27
0 32
0 36
0 38
0 39
0 41
0 45
0 50
0 65
0 67
0 69
0 71
0 75
0 82
0 84
0 85
0 87
0 88
0 96
0 99
1 4
1 7
1 8
1 10
1 11
1 15
1 18
1 25
1 26
1 38
1 39
1 40
1 41
1 44
1 49
1 50
1 53
1 55
1 60
1 62
1 66
1 68
1 71
1 72
1 74
1 75
1 76
1 79
1 80
1 93
1 94
1 95
1 96
1 97
1 98
1 99
2 1
2 4
2 12
2 15
2 19
2 20
2 21
2 27
2 30
2 33
2 34
2 42
2 49
2 50
2 51
2 58
2 61
2 64
2 65
2 67
2 68
2 73
2 74
2 75
2 77
2 78
2 84
2 87
2 89
2 90
2 93
2 95
2 98
3 1
3 11
3 16
3 20
3 21
3 22
3 25
3 28
3 31
3 37
3 39
3 42
3 46
3 55
3 56
3 57
3 60
3 62
3 63
3 77
3 82
3 84
3 89
3 92
3 93
3 94
3 95
3 96
4 1
4 6
4 13
4 14
4 15
4 17
4 18
4 19
4 20
4 21
4 28
4 31
4 36
4 40
4 46
4 47
4 50
4 53
4 54
4 55
4 57
4 64
4 67
4 71
4 73
4 85
4 88
4 89
4 92
4 93
4 97
4 98
4 99
5 0
5 1
5 2
5 3
5 4
5 8
5 9
5 19
5 21
5 23
5 25
5 27
5 28
5 31
5 33
5 34
5 38
5 41
5 42
5 45
5 49
5 50
5 51
5 52
5 53
5 54
5 56
5 62
5 65
5 66
5 67
5 73
5 74
5 75
5 83
5 84
5 86
5 92
5 96
5 98
6 0
6 4
6 8
6 12
6 13
6 14
6 18
6 31
6 39
6 40
6 41
6 42
6 46
6 47
6 51
6 54
6 58
6 66
6 67
6 74
6 78
6 80
6 81
6 82
6 84
6 87
6 90
6 91
6 97
7 3
7 5
7 8
7 9
7 10
7 16
7 17
7 23
7 24
7 26
7 29
7 31
7 35
7 37
7 39
7 41
7 43
7 46
7 47
7 49
7 51
7 57
7 60
7 63
7 64
7 65
7 66
7 67
7 75
7 79
7 85
7 97
8 2
8 7
8 9
8 14
8 15
8 17
8 21
8 23
8 26
8 27
8 29
8 33
8 35
8 36
8 38
8 50
8 53
8 56
8 61
8 64
8 66
8 69
8 73
8 75
8 78
8 80
8 82
8 86
8 88
8 89
8 95
8 96
8 97
9 2
9 3
9 4
9 12
9 18
9 24
9 25
9 27
9 28
9 29
9 30
9 35
9 37
9 38
9 49
9 51
9 54
9 57
9 60
9 63
9 65
9 69
9 70
9 73
9 78
9 80
9 81
9 94
10 2
10 6
10 11
10 13
10 15
10 19
10 21
10 22
10 23
10 24
10 25
10 26
10 28
10 30
10 34
10 38
10 44
10 48
10 49
10 51
10 53
10 60
10 62
10 64
10 65
10 68
10 74
10 87
10 88
10 91
10 93
10 97
11 2
11 6
11 8
11 9
11 14
11 16
11 19
11 20
11 25
11 26
11 28
11 30
11 31
11 32
11 43
11 45
11 54
11 61
11 64
11 68
11 70
11 72
11 74
11 76
11 77
11 80
11 85
11 89
12 3
12 9
12 13
12 18
12 19
12 20
12 21
12 25
12 26
12 28
12 29
12 32
12 33
12 36
12 37
12 42
12 45
12 48
12 49
12 51
12 53
12 55
12 58
12 59
12 61
12 65
12 66
12 69
12 76
12 81
12 82
12 88
12 94
12 95
12 98
12 99
13 5
13 12
13 15
13 32
13 36
13 38
13 41
13 42
13 43
13 44
13 46
13 52
13 58
13 62
13 63
13 64
13 65
13 66
13 72
13 74
13 76
13 78
13 82
13 84
13 90
13 91
13 94
13 99
14 4
14 5
14 6
14 10
14 21
14 25
14 29
14 34
14 38
14 39
14 40
14 42
14 44
14 45
14 47
14 49
14 51
14 54
14 55
14 56
14 57
14 61
14 63
14 64
14 65
14 66
14 68
14 69
14 73
14 75
14 76
14 77
14 79
14 82
14 84
14 93
14 95
14 98
14 99
15 3
15 6
15 9
15 12
15 14
15 19
15 21
15 23
15 30
15 34
15 36
15 39
15 40
15 41
15 49
15 52
15 65
15 66
15 71
15 84
15 87
15 93
15 95
15 96
15 99
16 0
16 4
16 6
16 9
16 11
16 12
16 18
16 21
16 22
16 25
16 26
16 27
16 28
16 29
16 38
16 39
16 40
16 49
16 50
16 53
16 55
16 57
16 60
16 61
16 66
16 69
16 71
16 72
16 76
16 83
16 93
16 95
16 99
17 3
17 6
17 7
17 10
17 14
17 27
17 29
17 37
17 47
17 50
17 52
17 53
17 56
17 59
17 62
17 71
17 72
17 82
17 86
17 89
17 90
17 91
17 92
17 93
17 94
18 4
18 6
18 7
18 12
18 14
18 16
18 17
18 25
18 28
18 35
18 38
18 43
18 45
18 47
18 49
18 50
18 55
18 67
18 68
18 72
18 75
18 77
18 80
18 88
18 90
18 96
18 98
19 1
19 7
19 12
19 14
19 22
19 24
19 25
19 26
19 31
19 33
19 36
19 39
19 47
19 48
19 49
19 52
19 53
19 57
19 59
19 62
19 70
19 74
19 77
19 78
19 79
19 80
19 82
19 83
19 96
20 6
20 7
20 8
20 11
20 13
20 15
20 16
20 17
20 19
20 24
20 27
20 29
20 32
20 33
20 36
20 38
20 44
20 49
20 51
20 52
20 53
20 55
20 61
20 65
20 67
20 68
20 71
20 73
20 77
20 78
20 79
20 80
20 83
20 89
20 97
21 5
21 9
21 13
21 15
21 19
21 22
21 30
21 33
21 35
21 39
21 41
21 45
21 46
21 55
21 58
21 60
21 62
21 64
21 65
21 66
21 69
21 76
21 80
21 81
21 82
21 95
21 97
22 14
22 16
22 17
22 20
22 21
22 23
22 30
22 31
22 35
22 43
22 46
22 52
22 54
22 55
22 56
22 58
22 64
22 65
22 67
22 69
22 71
22 75
22 76
22 79
22 80
22 83
22 87
22 88
22 98
22 99
23 0
23 2
23 5
23 6
23 7
23 9
23 11
23 14
23 18
23 20
23 21
23 25
23 26
23 30
23 31
23 34
23 36
23 42
23 52
23 60
23 62
23 63
23 75
23 76
23 78
23 80
23 83
23 86
23 87
23 92
23 93
23 95
23 97
24 1
24 2
24 13
24 16
24 17
24 21
24 23
24 34
24 35
24 37
24 41
24 42
24 49
24 50
24 55
24 57
24 60
24 69
24 75
24 77
24 78
24 80
24 89
24 92
24 93
24 96
24 97
25 4
25 5
25 11
25 13
25 14
25 16
25 17
25 18
25 20
25 28
25 31
25 33
25 40
25 42
25 47
25 53
25 56
25 65
25 67
25 73
25 74
25 75
25 76
25 78
25 80
25 84
25 85
25 94
26 3
26 10
26 11
26 12
26 13
26 18
26 25
26 27
26 29
26 31
26 41
26 42
26 47
26 49
26 50
26 52
26 53
26 54
26 56
26 57
26 60
26 76
26 78
26 85
26 91
27 1
27 4
27 15
27 19
27 21
27 23
27 25
27 30
27 43
27 45
27 46
27 49
27 64
27 68
27 71
27 73
27 74
27 75
27 76
27 78
27 79
27 82
27 83
27 84
27 87
27 92
27 97
27 99
28 0
28 4
28 8
28 15
28 19
28 21
28 24
28 25
28 29
28 33
28 35
28 36
28 39
28 44
28 45
28 46
28 47
28 48
28 55
28 59
28 67
28 68
28 73
28 74
28 76
28 78
28 81
28 82
28 83
28 86
28 88
28 91
28 92
29 0
29 1
29 7
29 15
29 21
29 24
29 28
29 31
29 33
29 36
29 38
29 50
29 51
29 52
29 55
29 56
29 58
29 60
29 66
29 74
29 77
29 78
29 79
29 81
29 82
29 88
29 89
29 92
29 93
29 95
29 97
29 98
30 10
30 12
30 13
30 18
30 21
30 24
30 26
30 28
30 29
30 31
30 36
30 38
30 39
30 40
30 41
30 46
30 51
30 54
30 56
30 74
30 76
30 79
30 80
30 85
30 92
30 94
30 95
30 98
31 2
31 7
31 9
31 12
31 14
31 20
31 22
31 23
31 29
31 30
31 32
31 37
31 39
31 40
31 42
31 44
31 47
31 48
31 49
31 51
31 55
31 64
31 71
31 72
31 76
31 77
31 78
31 79
31 81
31 87
31 88
31 93
31 95
31 97
32 3
32 5
32 14
32 21
32 22
32 34
32 38
32 43
32 46
32 48
32 54
32 55
32 56
32 59
32 69
32 76
32 86
32 91
32 92
32 96
33 1
33 9
33 12
33 14
33 15
33 16
33 18
33 21
33 22
33 29
33 31
33 37
33 38
33 40
33 44
33 45
33 58
33 62
33 69
33 71
33 73
33 76
33 78
33 79
33 80
33 84
33 87
33 91
34 0
34 6
34 9
34 14
34 15
34 18
34 19
34 22
34 23
34 27
34 29
34 32
34 35
34 36
34 37
34 41
34 42
34 50
34 55
34 69
34 71
34 73
34 74
34 75
34 80
34 86
34 87
34 89
34 93
35 0
35 1
35 2
35 6
35 14
35 15
35 22
35 23
35 33
35 36
35 37
35 39
35 43
35 44
35 46
35 51
35 56
35 57
35 59
35 62
35 64
35 71
35 78
35 85
35 86
35 87
35 98
36 1
36 6
36 12
36 13
36 14
36 16
36 17
36 19
36 25
36 28
36 32
36 41
36 42
36 43
36 44
36 51
36 54
36 56
36 59
36 63
36 64
36 67
36 68
36 69
36 71
36 73
36 77
36 84
36 88
36 90
37 0
37 2
37 8
37 9
37 11
37 12
37 13
37 17
37 18
37 22
37 26
37 28
37 29
37 38
37 40
37 41
37 45
37 48
37 49
37 54
37 56
37 60
37 62
37 63
37 64
37 65
37 67
37 68
37 69
37 79
37 82
37 83
37 84
37 87
37 96
38 5
38 6
38 7
38 8
38 15
38 20
38 25
38 30
38 32
38 36
38 41
38 44
38 47
38 54
38 56
38 66
38 69
38 71
38 72
38 75
38 79
38 82
38 83
38 86
38 93
38 97
38 99
39 2
39 3
39 6
39 7
39 9
39 11
39 20
39 29
39 31
39 33
39 40
39 42
39 45
39 46
39 49
39 52
39 54
39 58
39 61
39 64
39 74
39 76
39 80
39 81
39 84
39 85
39 92
39 96
40 5
40 6
40 15
40 24
40 26
40 30
40 35
40 36
40 37
40 38
40 39
40 44
40 46
40 49
40 51
40 52
40 53
40 54
40 55
40 59
40 74
40 76
40 78
40 81
40 91
41 0
41 2
41 8
41 12
41 14
41 17
41 18
41 19
41 21
41 24
41 33
41 34
41 36
41 38
41 39
41 46
41 49
41 52
41 53
41 55
41 56
41 57
41 67
41 70
41 76
41 77
41 78
41 79
41 80
41 85
41 87
41 91
41 95
41 96
42 1
42 5
42 9
42 12
42 18
42 30
42 32
42 33
42 36
42 39
42 43
42 44
42 47
42 55
42 58
42 65
42 66
42 68
42 73
42 75
42 79
42 81
42 87
42 91
42 99
43 0
43 3
43 4
43 5
43 9
43 18
43 25
43 30
43 33
43 36
43 37
43 38
43 42
43 44
43 50
43 61
43 62
43 63
43 69
43 72
43 73
43 76
43 78
43 79
43 82
43 87
43 88
43 90
43 92
43 95
43 97
44 2
44 5
44 8
44 9
44 13
44 14
44 15
44 18
44 20
44 21
44 31
44 38
44 41
44 42
44 47
44 49
44 60
44 63
44 77
44 81
44 88
44 93
44 96
44 99
45 0
45 2
45 4
45 11
45 15
45 20
45 25
45 30
45 33
45 36
45 37
45 42
45 49
45 60
45 63
45 64
45 65
45 66
45 77
45 79
45 80
45 89
45 96
45 98
46 1
46 5
46 8
46 11
46 16
46 17
46 20
46 25
46 27
46 31
46 32
46 33
46 34
46 39
46 44
46 48
46 49
46 50
46 51
46 64
46 65
46 69
46 76
46 77
46 91
46 95
46 99
47 1
47 2
47 9
47 13
47 17
47 18
47 19
47 20
47 22
47 29
47 31
47 32
47 34
47 37
47 38
47 46
47 52
47 57
47 58
47 60
47 61
47 66
47 73
47 74
47 76
47 79
47 81
47 82
47 84
47 85
47 88
47 91
47 94
47 98
48 2
48 6
48 11
48 15
48 16
48 20
48 21
48 28
48 34
48 35
48 36
48 43
48 45
48 50
48 51
48 67
48 68
48 72
48 75
48 77
48 80
48 82
48 88
48 90
48 91
48 94
48 95
49 1
49 9
49 11
49 13
49 15
49 18
49 21
49 22
49 27
49 28
49 38
49 43
49 47
49 53
49 55
49 56
49 64
49 69
49 70
49 71
49 73
49 74
49 83
49 84
49 90
49 91
49 92
49 97
50 1
50 3
50 5
50 19
50 21
50 24
50 25
50 36
50 40
50 45
50 46
50 51
50 53
50 58
50 60
50 61
50 62
50 66
50 67
50 72
50 84
50 89
50 90
50 92
50 93
50 96
51 0
51 3
51 9
51 11
51 13
51 14
51 21
51 24
51 25
51 32
51 36
51 38
51 41
51 46
51 55
51 60
51 61
51 63
51 65
51 74
51 75
51 81
51 83
51 86
51 89
51 90
51 91
51 93
51 94
51 99
52 23
52 24
52 25
52 33
52 34
52 38
52 40
52 45
52 46
52 47
52 49
52 59
52 61
52 67
52 72
52 73
52 79
52 83
52 89
52 97
53 0
53 11
53 13
53 19
53 22
53 24
53 25
53 27
53 32
53 33
53 36
53 40
53 48
53 49
53 51
53 54
53 56
53 57
53 72
53 73
53 74
53 82
53 84
53 85
53 89
53 94
53 95
54 1
54 6
54 11
54 16
54 17
54 21
54 28
54 39
54 40
54 41
54 45
54 50
54 56
54 59
54 63
54 67
54 71
54 75
54 81
54 84
54 85
54 86
54 87
54 92
54 95
54 96
54 99
55 0
55 3
55 12
55 14
55 16
55 20
55 23
55 25
55 26
55 34
55 36
55 38
55 40
55 41
55 45
55 53
55 56
55 60
55 63
55 64
55 66
55 75
55 76
55 81
55 88
55 91
56 2
56 4
56 7
56 10
56 16
56 19
56 20
56 22
56 23
56 29
56 30
56 33
56 41
56 44
56 48
56 54
56 55
56 57
56 58
56 59
56 61
56 64
56 66
56 70
56 71
56 72
56 74
56 80
56 81
56 83
56 84
56 86
56 87
56 93
56 95
57 1
57 4
57 7
57 8
57 9
57 11
57 13
57 16
57 19
57 27
57 29
57 30
57 31
57 33
57 37
57 38
57 39
57 41
57 45
57 52
57 55
57 58
57 70
57 71
57 74
57 75
57 76
57 83
57 85
57 89
57 92
57 96
57 97
58 6
58 8
58 10
58 12
58 13
58 14
58 15
58 22
58 27
58 29
58 30
58 31
58 34
58 35
58 37
58 38
58 39
58 47
58 56
58 57
58 61
58 66
58 67
58 69
58 70
58 74
58 78
58 79
58 80
58 82
58 86
58 88
58 89
58 92
58 96
58 97
58 98
59 0
59 2
59 7
59 8
59 9
59 13
59 14
59 15
59 26
59 27
59 31
59 32
59 35
59 36
59 37
59 38
59 41
59 43
59 44
59 47
59 52
59 54
59 56
59 57
59 68
59 73
59 76
59 80
59 95
60 3
60 8
60 19
60 20
60 21
60 33
60 34
60 35
60 38
60 45
60 51
60 55
60 56
60 57
60 58
60 63
60 64
60 75
60 77
60 80
60 81
60 88
60 89
60 92
60 93
61 0
61 2
61 9
61 10
61 15
61 18
61 21
61 23
61 26
61 28
61 30
61 31
61 42
61 45
61 47
61 50
61 57
61 60
61 68
61 69
61 70
61 71
61 72
61 76
61 86
61 87
61 89
61 92
61 95
61 96
61 98
62 3
62 13
62 14
62 16
62 17
62 19
62 20
62 22
62 24
62 27
62 29
62 31
62 38
62 41
62 43
62 45
62 47
62 49
62 50
62 51
62 55
62 57
62 60
62 63
62 64
62 65
62 67
62 68
62 71
62 74
62 76
62 84
62 88
62 93
62 97
63 3
63 4
63 7
63 8
63 10
63 18
63 19
63 21
63 28
63 29
63 31
63 34
63 38
63 40
63 45
63 47
63 54
63 58
63 61
63 65
63 66
63 67
63 69
63 75
63 76
63 77
63 78
63 80
63 87
63 97
64 0
64 4
64 15
64 17
64 20
64 29
64 31
64 32
64 42
64 48
64 53
64 56
64 57
64 61
64 66
64 68
64 70
64 74
64 76
64 83
64 85
64 86
64 88
64 89
64 91
64 95
64 99
65 3
65 4
65 10
65 11
65 16
65 18
65 26
65 29
65 34
65 35
65 36
65 37
65 47
65 49
65 50
65 52
65 66
65 72
65 73
65 78
65 79
65 81
65 85
65 86
65 93
65 94
66 0
66 9
66 11
66 20
66 27
66 28
66 30
66 35
66 36
66 39
66 40
66 48
66 52
66 55
66 56
66 64
66 78
66 81
66 87
66 95
67 1
67 6
67 11
67 12
67 13
67 17
67 18
67 21
67 30
67 39
67 40
67 41
67 43
67 44
67 45
67 47
67 50
67 52
67 59
67 64
67 72
67 74
67 75
67 76
67 78
68 1
68 3
68 14
68 17
68 20
68 21
68 25
68 26
68 33
68 35
68 36
68 37
68 46
68 51
68 60
68 69
68 71
68 75
68 82
68 85
68 88
68 89
68 93
68 97
69 0
69 2
69 5
69 9
69 10
69 12
69 13
69 15
69 17
69 19
69 21
69 24
69 27
69 30
69 31
69 35
69 39
69 44
69 47
69 49
69 50
69 51
69 54
69 59
69 61
69 64
69 71
69 72
69 79
69 81
69 85
69 88
69 90
69 95
69 97
69 98
70 9
70 10
70 11
70 15
70 21
70 26
70 28
70 31
70 32
70 34
70 36
70 41
70 45
70 50
70 53
70 54
70 55
70 61
70 62
70 65
70 69
70 75
70 84
70 85
70 87
70 92
70 93
70 94
70 97
70 98
71 8
71 9
71 14
71 15
71 20
71 21
71 23
71 30
71 32
71 41
71 45
71 49
71 50
71 53
71 56
71 57
71 62
71 66
71 67
71 68
71 70
71 73
71 82
71 83
71 85
71 86
71 89
71 91
71 92
71 97
71 99
72 1
72 4
72 12
72 13
72 18
72 20
72 22
72 26
72 29
72 32
72 35
72 36
72 44
72 45
72 48
72 50
72 53
72 58
72 67
72 70
72 73
72 77
72 78
72 81
72 86
72 90
72 97
73 0
73 1
73 2
73 6
73 7
73 9
73 13
73 15
73 17
73 18
73 23
73 26
73 28
73 30
73 32
73 33
73 34
73 37
73 38
73 44
73 48
73 49
73 51
73 53
73 55
73 56
73 59
73 62
73 65
73 67
73 69
73 72
73 74
73 77
73 78
73 82
73 83
73 85
73 90
73 96
74 1
74 6
74 10
74 11
74 17
74 19
74 21
74 22
74 23
74 24
74 25
74 26
74 29
74 33
74 42
74 44
74 49
74 51
74 53
74 55
74 56
74 57
74 58
74 59
74 67
74 69
74 71
74 76
74 78
74 83
74 86
74 89
74 91
74 93
75 4
75 11
75 16
75 17
75 22
75 23
75 24
75 26
75 27
75 29
75 30
75 33
75 34
75 39
75 42
75 48
75 56
75 60
75 61
75 62
75 68
75 72
75 76
75 80
75 91
75 92
75 96
75 99
76 5
76 6
76 12
76 14
76 18
76 20
76 22
76 30
76 31
76 39
76 47
76 57
76 59
76 61
76 64
76 69
76 70
76 73
76 74
76 84
76 87
76 90
76 91
76 97
77 0
77 1
77 2
77 9
77 10
77 11
77 12
77 14
77 18
77 19
77 22
77 24
77 26
77 27
77 38
77 43
77 47
77 50
77 52
77 56
77 58
77 59
77 60
77 61
77 62
77 65
77 66
77 67
77 74
77 81
77 85
77 91
77 94
77 95
77 98
78 0
78 7
78 10
78 12
78 14
78 21
78 23
78 24
78 26
78 28
78 29
78 39
78 44
78 45
78 47
78 48
78 51
78 58
78 59
78 65
78 70
78 74
78 81
78 83
78 86
78 88
78 90
78 91
78 94
78 96
79 2
79 8
79 9
79 10
79 16
79 18
79 21
79 28
79 29
79 31
79 35
79 41
79 45
79 52
79 53
79 55
79 56
79 58
79 59
79 60
79 64
79 66
79 68
79 69
79 70
79 76
79 82
79 87
79 89
79 94
79 99
80 0
80 3
80 7
80 9
80 10
80 18
80 24
80 26
80 27
80 30
80 35
80 37
80 38
80 42
80 47
80 48
80 49
80 50
80 51
80 52
80 57
80 69
80 72
80 76
80 88
80 91
80 92
80 95
80 96
80 97
81 0
81 2
81 4
81 6
81 10
81 11
81 16
81 18
81 21
81 25
81 27
81 34
81 37
81 42
81 44
81 46
81 47
81 48
81 56
81 58
81 60
81 63
81 66
81 67
81 68
81 72
81 73
81 74
81 76
81 87
81 88
81 89
81 96
81 99
82 7
82 16
82 20
82 22
82 26
82 32
82 40
82 42
82 44
82 54
82 63
82 64
82 68
82 76
82 78
82 80
82 81
82 84
82 86
82 89
82 94
82 96
83 10
83 15
83 18
83 21
83 22
83 23
83 41
83 53
83 56
83 59
83 60
83 63
83 65
83 66
83 74
83 77
83 80
83 81
83 84
83 92
83 96
83 97
83 99
84 7
84 13
84 16
84 18
84 24
84 25
84 26
84 27
84 33
84 37
84 44
84 51
84 52
84 55
84 57
84 61
84 64
84 66
84 73
84 77
84 87
84 89
84 90
84 91
84 94
84 98
85 6
85 9
85 10
85 13
85 15
85 16
85 17
85 19
85 21
85 22
85 24
85 27
85 29
85 33
85 37
85 38
85 40
85 42
85 48
85 57
85 60
85 61
85 62
85 65
85 66
85 68
85 75
85 76
85 77
85 80
85 84
85 87
85 88
85 93
85 96
85 98
85 99
86 0
86 2
86 10
86 17
86 18
86 26
86 27
86 29
86 34
86 36
86 38
86 44
86 45
86 46
86 47
86 59
86 62
86 76
86 80
86 82
86 84
86 87
86 92
86 96
87 1
87 5
87 9
87 10
87 12
87 13
87 14
87 21
87 23
87 24
87 25
87 29
87 31
87 32
87 33
87 34
87 36
87 40
87 44
87 45
87 46
87 47
87 50
87 53
87 56
87 57
87 62
87 65
87 66
87 68
87 69
87 71
87 74
87 76
87 77
87 79
87 84
87 85
87 95
88 0
88 4
88 13
88 22
88 24
88 29
88 33
88 36
88 37
88 38
88 39
88 42
88 47
88 48
88 52
88 55
88 59
88 60
88 62
88 63
88 68
88 70
88 71
88 72
88 73
88 76
88 81
88 85
88 86
88 87
88 94
88 97
88 99
89 0
89 8
89 9
89 11
89 17
89 26
89 28
89 32
89 33
89 34
89 36
89 44
89 48
89 51
89 55
89 60
89 68
89 74
89 75
89 77
89 78
89 80
89 82
89 85
89 90
89 91
89 93
90 1
90 4
90 11
90 13
90 16
90 19
90 21
90 22
90 23
90 24
90 27
90 34
90 36
90 38
90 43
90 45
90 49
90 51
90 53
90 57
90 59
90 60
90 64
90 66
90 69
90 70
90 73
90 74
90 75
90 77
90 82
90 85
90 86
90 94
90 97
90 98
91 1
91 3
91 4
91 5
91 9
91 12
91 18
91 22
91 23
91 37
91 41
91 47
91 49
91 52
91 53
91 56
91 58
91 59
91 61
91 62
91 75
91 79
91 80
91 81
91 82
91 83
91 89
91 90
91 92
91 99
92 0
92 4
92 9
92 10
92 11
92 14
92 17
92 18
92 21
92 22
92 26
92 27
92 28
92 32
92 33
92 34
92 35
92 37
92 40
92 43
92 46
92 47
92 54
92 56
92 59
92 62
92 67
92 68
92 69
92 70
92 76
92 79
92 80
92 82
92 83
92 86
92 93
92 98
92 99
93 2
93 3
93 6
93 9
93 10
93 12
93 13
93 17
93 21
93 22
93 24
93 30
93 31
93 32
93 43
93 51
93 52
93 53
93 55
93 56
93 57
93 58
93 61
93 66
93 67
93 69
93 70
93 72
93 74
93 78
93 79
93 84
93 86
93 89
93 91
93 92
93 96
93 97
93 98
94 1
94 2
94 7
94 8
94 9
94 10
94 11
94 17
94 22
94 30
94 32
94 38
94 42
94 46
94 47
94 51
94 52
94 53
94 56
94 58
94 62
94 63
94 64
94 72
94 75
94 76
94 79
94 86
94 87
94 88
94 95
94 96
95 2
95 5
95 6
95 7
95 10
95 11
95 16
95 18
95 21
95 26
95 28
95 29
95 30
95 32
95 34
95 36
95 40
95 45
95 46
95 58
95 69
95 71
95 77
95 88
95 92
95 94
95 96
96 3
96 4
96 6
96 8
96 9
96 12
96 15
96 19
96 22
96 26
96 29
96 32
96 39
96 41
96 44
96 45
96 46
96 49
96 52
96 57
96 60
96 63
96 65
96 67
96 68
96 70
96 71
96 72
96 73
96 77
96 78
96 84
96 90
96 97
97 0
97 4
97 10
97 13
97 16
97 22
97 24
97 25
97 26
97 29
97 34
97 35
97 39
97 41
97 42
97 44
97 47
97 48
97 52
97 56
97 61
97 65
97 67
97 71
97 73
97 76
97 80
97 81
97 82
97 85
97 86
97 89
97 90
97 92
97 93
97 99
98 0
98 1
98 3
98 5
98 7
98 9
98 10
98 16
98 19
98 23
98 24
98 26
98 33
98 34
98 38
98 39
98 40
98 41
98 44
98 45
98 50
98 53
98 56
98 57
98 58
98 63
98 70
98 72
98 73
98 74
98 79
98 80
98 84
98 86
98 88
98 93
98 95
98 99
99 0
99 2
99 7
99 9
99 10
99 14
99 18
99 36
99 39
99 44
99 45
99 47
99 56
99 57
99 63
99 68
99 70
99 72
99 74
99 76
99 77
99 78
99 79
99 80
99 83
99 84
99 87
99 90
99 92
99 93
