100 4007
0 3
0 5
0 8
0 9
0 12
0 14
0 16
0 22
0 26
0 28
0 32
0 33
0 41
0 45
0 46
0 47
0 49
0 51
0 52
0 57
0 63
0 66
0 71
0 75
0 76
0 79
0 80
0 81
0 83
0 85
0 86
0 87
0 89
0 93
0 94
1 0
1 2
1 4
1 5
1 6
1 8
1 11
1 13
1 22
1 23
1 26
1 29
1 31
1 32
1 36
1 38
1 40
1 41
1 43
1 46
1 49
1 52
1 53
1 55
1 57
1 58
1 60
1 64
1 67
1 72
1 79
1 81
1 82
1 84
1 85
1 88
1 91
1 92
1 94
1 98
2 0
2 1
2 3
2 5
2 6
2 12
2 14
2 16
2 19
2 20
2 21
2 22
2 25
2 26
2 28
2 30
2 31
2 32
2 33
2 35
2 36
2 37
2 42
2 46
2 48
2 51
2 52
2 53
2 57
2 58
2 59
2 62
2 64
2 65
2 67
2 68
2 74
2 75
2 76
2 80
2 83
2 84
2 92
2 94
3 2
3 4
3 9
3 10
3 12
3 14
3 15
3 16
3 17
3 18
3 24
3 32
3 33
3 36
3 37
3 39
3 41
3 43
3 44
3 49
3 52
3 53
3 57
3 63
3 64
3 66
3 69
3 70
3 71
3 72
3 75
3 78
3 80
3 81
3 85
3 86
3 87
3 88
3 90
3 91
3 95
3 97
3 98
3 99
4 0
4 7
4 8
4 9
4 11
4 14
4 18
4 21
4 23
4 24
4 30
4 31
4 33
4 35
4 36
4 37
4 43
4 45
4 46
4 47
4 50
4 52
4 53
4 55
4 57
4 58
4 59
4 66
4 68
4 73
4 74
4 76
4 77
4 80
4 85
4 86
4 87
4 89
4 91
4 93
4 95
4 96
5 0
5 3
5 4
5 7
5 9
5 10
5 11
5 14
5 20
5 21
5 33
5 34
5 35
5 44
5 45
5 47
5 48
5 50
5 52
5 54
5 57
5 58
5 59
5 60
5 61
5 65
5 66
5 69
5 70
5 74
5 75
5 77
5 79
5 82
5 83
5 85
5 87
5 91
5 92
5 97
6 2
6 3
6 12
6 14
6 17
6 19
6 20
6 23
6 25
6 27
6 28
6 29
6 30
6 31
6 33
6 35
6 36
6 41
6 43
6 44
6 45
6 47
6 50
6 52
6 54
6 55
6 56
6 58
6 59
6 63
6 66
6 68
6 69
6 70
6 72
6 73
6 74
6 81
6 84
6 86
6 88
6 89
6 91
6 93
6 94
6 95
7 1
7 4
7 9
7 11
7 13
7 14
7 19
7 20
7 21
7 24
7 27
7 29
7 30
7 37
7 41
7 44
7 47
7 51
7 52
7 53
7 55
7 57
7 62
7 65
7 67
7 69
7 70
7 71
7 74
7 76
7 79
7 83
7 84
7 86
7 88
7 90
7 94
7 95
7 98
8 0
8 2
8 3
8 4
8 6
8 9
8 13
8 14
8 21
8 22
8 23
8 24
8 29
8 30
8 31
8 32
8 34
8 37
8 43
8 44
8 49
8 50
8 53
8 54
8 55
8 57
8 60
8 63
8 64
8 65
8 66
8 67
8 68
8 71
8 72
8 74
8 76
8 77
8 78
8 82
8 84
8 85
8 88
8 90
8 93
8 94
8 95
9 1
9 6
9 7
9 8
9 10
9 11
9 18
9 19
9 21
9 22
9 23
9 28
9 30
9 31
9 33
9 36
9 40
9 41
9 42
9 47
9 49
9 52
9 56
9 57
9 64
9 65
9 66
9 73
9 74
9 78
9 79
9 81
9 83
9 85
9 88
9 89
9 91
9 95
9 97
9 99
10 4
10 5
10 7
10 12
10 16
10 17
10 18
10 19
10 22
10 25
10 28
10 32
10 34
10 36
10 49
10 51
10 56
10 58
10 60
10 62
10 64
10 65
10 66
10 69
10 70
10 74
10 77
10 79
10 82
10 84
10 86
10 87
10 89
10 90
10 91
10 93
10 95
10 98
11 1
11 2
11 3
11 8
11 9
11 10
11 13
11 22
11 24
11 27
11 32
11 35
11 37
11 42
11 43
11 44
11 49
11 51
11 53
11 54
11 57
11 59
11 63
11 65
11 69
11 73
11 74
11 76
11 77
11 82
11 85
11 90
11 92
11 93
11 94
12 3
12 4
12 5
12 10
12 11
12 21
12 22
12 25
12 27
12 28
12 31
12 32
12 33
12 34
12 35
12 37
12 41
12 47
12 48
12 49
12 50
12 53
12 54
12 62
12 64
12 66
12 69
12 70
12 71
12 75
12 84
12 85
12 87
12 89
12 90
12 92
12 94
12 95
12 96
13 1
13 4
13 5
13 6
13 10
13 11
13 14
13 17
13 19
13 20
13 23
13 27
13 32
13 33
13 35
13 36
13 39
13 43
13 44
13 45
13 50
13 53
13 54
13 56
13 57
13 60
13 65
13 68
13 69
13 70
13 73
13 76
13 77
13 83
13 86
13 87
13 88
13 91
13 97
14 0
14 2
14 4
14 6
14 7
14 9
14 10
14 12
14 13
14 15
14 17
14 19
14 22
14 27
14 29
14 32
14 36
14 37
14 38
14 39
14 42
14 43
14 46
14 47
14 49
14 55
14 57
14 60
14 62
14 64
14 65
14 66
14 67
14 68
14 70
14 72
14 74
14 77
14 79
14 81
14 82
14 85
14 89
14 94
14 98
14 99
15 0
15 3
15 4
15 5
15 7
15 10
15 16
15 18
15 19
15 22
15 24
15 28
15 29
15 32
15 34
15 35
15 39
15 43
15 44
15 46
15 47
15 48
15 49
15 51
15 52
15 56
15 59
15 61
15 64
15 68
15 69
15 75
15 77
15 79
15 80
15 87
15 89
15 90
15 91
15 94
16 2
16 4
16 5
16 6
16 7
16 9
16 13
16 20
16 21
16 22
16 26
16 28
16 29
16 32
16 38
16 40
16 45
16 48
16 55
16 56
16 57
16 60
16 61
16 67
16 69
16 73
16 76
16 83
16 88
16 89
16 90
16 93
16 96
16 99
17 1
17 2
17 3
17 6
17 7
17 15
17 18
17 20
17 22
17 23
17 24
17 27
17 29
17 32
17 33
17 34
17 35
17 36
17 37
17 38
17 40
17 41
17 45
17 46
17 47
17 48
17 49
17 50
17 53
17 54
17 55
17 57
17 60
17 63
17 64
17 67
17 68
17 70
17 72
17 73
17 77
17 79
17 80
17 84
17 88
17 90
17 91
17 92
17 94
17 95
17 97
18 0
18 2
18 4
18 6
18 11
18 12
18 15
18 16
18 17
18 24
18 26
18 30
18 36
18 38
18 41
18 42
18 46
18 47
18 49
18 50
18 52
18 53
18 54
18 57
18 63
18 71
18 74
18 75
18 78
18 79
18 80
18 81
18 82
18 84
18 85
18 86
18 87
18 88
18 91
18 92
18 94
18 99
19 2
19 3
19 6
19 8
19 9
19 12
19 14
19 20
19 22
19 23
19 24
19 25
19 27
19 36
19 38
19 40
19 41
19 45
19 46
19 52
19 53
19 54
19 57
19 58
19 59
19 64
19 65
19 66
19 67
19 71
19 76
19 83
19 85
19 90
19 94
19 95
19 96
20 1
20 3
20 4
20 6
20 12
20 14
20 15
20 16
20 17
20 22
20 23
20 24
20 30
20 34
20 36
20 37
20 43
20 47
20 49
20 52
20 54
20 57
20 61
20 62
20 68
20 75
20 76
20 82
20 83
20 84
20 85
20 86
20 87
20 88
20 89
20 90
20 91
20 92
20 94
20 99
21 1
21 3
21 5
21 6
21 8
21 10
21 12
21 13
21 17
21 26
21 27
21 30
21 35
21 37
21 41
21 45
21 46
21 49
21 50
21 51
21 53
21 63
21 64
21 65
21 67
21 68
21 69
21 70
21 73
21 77
21 78
21 81
21 82
21 83
21 86
21 88
21 90
21 91
21 93
21 94
21 98
21 99
22 1
22 2
22 6
22 7
22 9
22 16
22 20
22 26
22 32
22 37
22 42
22 46
22 53
22 54
22 57
22 59
22 60
22 63
22 65
22 67
22 74
22 75
22 76
22 80
22 81
22 86
22 92
22 93
22 96
23 9
23 11
23 12
23 13
23 14
23 16
23 17
23 20
23 21
23 24
23 25
23 26
23 31
23 34
23 36
23 40
23 41
23 42
23 43
23 45
23 50
23 52
23 53
23 56
23 58
23 62
23 65
23 66
23 67
23 70
23 71
23 74
23 76
23 77
23 78
23 79
23 81
23 85
23 88
23 91
23 94
23 95
23 96
23 97
24 3
24 4
24 8
24 10
24 14
24 16
24 20
24 21
24 23
24 26
24 27
24 29
24 30
24 34
24 36
24 37
24 42
24 43
24 52
24 54
24 55
24 57
24 61
24 63
24 64
24 67
24 68
24 69
24 70
24 76
24 77
24 81
24 82
24 84
24 87
24 89
24 91
24 93
24 95
25 1
25 3
25 7
25 8
25 9
25 10
25 14
25 17
25 18
25 22
25 24
25 27
25 28
25 29
25 30
25 31
25 32
25 33
25 35
25 39
25 44
25 49
25 50
25 52
25 56
25 57
25 58
25 59
25 60
25 64
25 69
25 76
25 77
25 79
25 80
25 83
25 84
25 85
25 86
25 87
25 89
25 90
25 91
25 95
25 97
25 98
26 0
26 5
26 7
26 9
26 10
26 16
26 17
26 18
26 21
26 24
26 25
26 27
26 35
26 36
26 37
26 38
26 39
26 41
26 42
26 43
26 46
26 47
26 48
26 53
26 58
26 60
26 61
26 65
26 67
26 68
26 69
26 72
26 75
26 80
26 81
26 83
26 88
26 90
26 91
26 95
26 99
27 3
27 8
27 13
27 14
27 18
27 19
27 21
27 23
27 26
27 29
27 32
27 33
27 38
27 39
27 41
27 43
27 47
27 49
27 54
27 55
27 56
27 59
27 60
27 61
27 62
27 64
27 66
27 67
27 72
27 74
27 75
27 77
27 78
27 79
27 81
27 82
27 84
27 85
27 90
27 92
27 94
27 97
28 2
28 9
28 10
28 11
28 14
28 15
28 18
28 19
28 20
28 21
28 24
28 30
28 32
28 33
28 37
28 40
28 43
28 52
28 56
28 64
28 65
28 74
28 76
28 80
28 82
28 83
28 84
28 85
28 87
28 89
28 92
28 93
28 95
28 98
29 4
29 5
29 6
29 7
29 10
29 13
29 14
29 15
29 16
29 18
29 19
29 20
29 24
29 26
29 27
29 30
29 31
29 34
29 35
29 36
29 37
29 38
29 39
29 40
29 42
29 45
29 46
29 47
29 51
29 54
29 56
29 57
29 67
29 68
29 72
29 73
29 74
29 78
29 79
29 83
29 85
29 90
29 91
29 93
29 97
30 2
30 3
30 6
30 9
30 11
30 12
30 15
30 16
30 17
30 21
30 22
30 24
30 25
30 32
30 35
30 36
30 37
30 38
30 40
30 41
30 42
30 44
30 46
30 47
30 52
30 54
30 55
30 59
30 62
30 63
30 64
30 67
30 69
30 72
30 77
30 80
30 83
30 84
30 86
30 87
30 90
30 91
30 95
30 98
31 0
31 2
31 4
31 8
31 14
31 15
31 17
31 19
31 20
31 21
31 24
31 34
31 37
31 39
31 40
31 41
31 43
31 45
31 47
31 49
31 50
31 51
31 53
31 60
31 61
31 63
31 64
31 67
31 69
31 71
31 76
31 78
31 82
31 87
31 88
31 89
31 90
31 91
31 96
31 97
31 98
32 1
32 2
32 9
32 10
32 13
32 21
32 22
32 23
32 25
32 26
32 30
32 35
32 36
32 37
32 38
32 40
32 41
32 47
32 52
32 54
32 55
32 56
32 60
32 62
32 65
32 66
32 68
32 69
32 71
32 74
32 75
32 77
32 78
32 83
32 85
32 87
32 88
32 93
32 94
32 95
32 97
32 99
33 1
33 9
33 10
33 11
33 12
33 17
33 18
33 27
33 28
33 29
33 31
33 34
33 36
33 37
33 45
33 49
33 51
33 52
33 55
33 57
33 60
33 62
33 64
33 65
33 67
33 68
33 69
33 71
33 73
33 75
33 76
33 78
33 79
33 83
33 89
33 92
33 94
33 99
34 4
34 5
34 7
34 11
34 13
34 15
34 16
34 18
34 19
34 21
34 26
34 28
34 29
34 30
34 39
34 51
34 52
34 53
34 54
34 63
34 64
34 65
34 67
34 68
34 70
34 72
34 76
34 77
34 82
34 84
34 85
34 89
34 90
34 92
34 93
34 95
34 97
34 98
35 2
35 3
35 6
35 10
35 11
35 13
35 14
35 15
35 17
35 18
35 20
35 21
35 22
35 26
35 29
35 33
35 34
35 36
35 43
35 46
35 47
35 49
35 50
35 52
35 53
35 55
35 56
35 57
35 60
35 61
35 63
35 66
35 70
35 71
35 78
35 80
35 81
35 82
35 85
35 86
35 87
35 90
35 91
36 0
36 2
36 3
36 6
36 9
36 14
36 15
36 18
36 20
36 21
36 22
36 24
36 25
36 26
36 27
36 28
36 30
36 32
36 33
36 35
36 40
36 44
36 45
36 46
36 48
36 49
36 50
36 53
36 57
36 59
36 65
36 66
36 73
36 75
36 82
36 84
36 87
36 90
36 95
36 96
37 3
37 7
37 12
37 16
37 18
37 25
37 32
37 33
37 34
37 36
37 39
37 40
37 43
37 44
37 45
37 49
37 51
37 52
37 54
37 59
37 61
37 64
37 65
37 66
37 68
37 70
37 77
37 79
37 80
37 85
37 86
37 88
37 89
37 91
37 92
37 93
37 94
37 99
38 0
38 3
38 4
38 5
38 6
38 8
38 15
38 17
38 20
38 21
38 23
38 24
38 25
38 29
38 33
38 34
38 37
38 39
38 41
38 42
38 43
38 46
38 47
38 49
38 50
38 51
38 55
38 56
38 59
38 62
38 63
38 65
38 66
38 70
38 72
38 73
38 74
38 79
38 84
38 87
38 88
38 90
38 94
38 95
38 97
39 2
39 6
39 7
39 8
39 10
39 12
39 13
39 15
39 18
39 20
39 21
39 22
39 27
39 32
39 33
39 34
39 36
39 38
39 42
39 43
39 47
39 49
39 51
39 52
39 53
39 57
39 60
39 61
39 63
39 67
39 68
39 69
39 70
39 73
39 76
39 78
39 79
39 80
39 81
39 83
39 85
39 87
39 93
39 95
39 96
39 97
39 98
39 99
40 2
40 3
40 5
40 6
40 7
40 9
40 10
40 11
40 16
40 18
40 19
40 20
40 25
40 34
40 36
40 37
40 38
40 42
40 44
40 49
40 51
40 53
40 54
40 64
40 65
40 68
40 71
40 72
40 73
40 76
40 77
40 85
40 89
40 92
41 6
41 10
41 12
41 16
41 19
41 20
41 28
41 29
41 32
41 34
41 35
41 36
41 39
41 45
41 46
41 48
41 50
41 51
41 53
41 58
41 59
41 65
41 66
41 67
41 72
41 74
41 77
41 78
41 80
41 84
41 92
41 95
41 96
41 98
42 1
42 4
42 7
42 9
42 10
42 11
42 12
42 13
42 15
42 16
42 20
42 21
42 22
42 28
42 37
42 38
42 39
42 41
42 50
42 51
42 53
42 54
42 56
42 59
42 60
42 61
42 67
42 69
42 70
42 75
42 82
42 83
42 84
42 85
42 86
42 87
42 89
42 90
42 93
42 95
42 99
43 0
43 3
43 5
43 9
43 12
43 13
43 16
43 17
43 18
43 19
43 22
43 24
43 26
43 30
43 31
43 33
43 37
43 40
43 42
43 45
43 48
43 52
43 53
43 55
43 57
43 59
43 60
43 64
43 66
43 67
43 71
43 74
43 76
43 79
43 83
43 84
43 86
43 87
43 94
43 95
43 96
43 97
43 98
44 4
44 5
44 9
44 12
44 14
44 17
44 20
44 21
44 22
44 23
44 24
44 28
44 29
44 30
44 31
44 32
44 34
44 35
44 42
44 45
44 51
44 53
44 57
44 58
44 60
44 62
44 63
44 64
44 65
44 67
44 69
44 73
44 74
44 76
44 77
44 78
44 79
44 80
44 82
44 84
44 85
44 86
44 88
44 90
44 91
44 92
44 94
44 96
44 97
45 6
45 8
45 9
45 10
45 12
45 17
45 20
45 24
45 27
45 29
45 31
45 33
45 34
45 35
45 39
45 41
45 43
45 47
45 48
45 49
45 52
45 56
45 59
45 62
45 64
45 68
45 71
45 72
45 73
45 74
45 76
45 77
45 80
45 81
45 84
45 85
45 90
45 93
45 94
46 0
46 1
46 3
46 6
46 7
46 9
46 12
46 17
46 19
46 20
46 23
46 27
46 28
46 32
46 34
46 36
46 47
46 49
46 50
46 59
46 64
46 65
46 68
46 69
46 70
46 71
46 74
46 78
46 82
46 83
46 86
46 88
46 89
46 91
46 93
46 95
46 97
46 99
47 1
47 4
47 5
47 8
47 9
47 10
47 12
47 16
47 20
47 21
47 26
47 27
47 28
47 30
47 33
47 44
47 46
47 49
47 50
47 53
47 54
47 55
47 56
47 57
47 60
47 62
47 68
47 70
47 71
47 73
47 76
47 77
47 78
47 82
47 84
47 89
47 92
47 93
47 95
47 96
47 99
48 0
48 3
48 5
48 7
48 10
48 11
48 15
48 17
48 21
48 22
48 23
48 26
48 28
48 29
48 34
48 36
48 44
48 51
48 52
48 53
48 56
48 57
48 60
48 61
48 62
48 64
48 66
48 68
48 70
48 73
48 77
48 78
48 79
48 84
48 87
48 91
48 93
48 94
48 98
49 0
49 1
49 5
49 6
49 7
49 11
49 12
49 15
49 17
49 20
49 22
49 23
49 26
49 28
49 29
49 30
49 31
49 43
49 44
49 45
49 47
49 59
49 60
49 61
49 63
49 67
49 69
49 70
49 71
49 72
49 73
49 75
49 79
49 80
49 86
49 88
49 89
49 92
49 93
49 96
49 99
50 1
50 4
50 7
50 9
50 11
50 12
50 13
50 14
50 18
50 23
50 24
50 25
50 28
50 31
50 32
50 33
50 37
50 39
50 42
50 49
50 51
50 53
50 57
50 58
50 61
50 62
50 64
50 66
50 67
50 69
50 72
50 75
50 76
50 77
50 78
50 84
50 85
50 89
50 91
50 93
50 95
50 96
50 97
50 99
51 1
51 4
51 8
51 10
51 13
51 14
51 18
51 21
51 25
51 26
51 27
51 28
51 29
51 31
51 33
51 39
51 40
51 42
51 45
51 48
51 53
51 54
51 55
51 56
51 58
51 60
51 62
51 66
51 69
51 72
51 73
51 75
51 77
51 78
51 84
51 85
51 89
51 90
51 93
51 96
51 97
52 1
52 4
52 8
52 12
52 13
52 17
52 18
52 19
52 23
52 24
52 34
52 42
52 44
52 47
52 48
52 54
52 58
52 59
52 61
52 67
52 68
52 70
52 73
52 74
52 80
52 81
52 83
52 84
52 85
52 86
52 93
52 95
53 0
53 15
53 22
53 29
53 30
53 33
53 37
53 38
53 40
53 47
53 51
53 54
53 56
53 62
53 64
53 67
53 70
53 72
53 73
53 74
53 75
53 81
53 83
53 84
53 86
53 87
53 90
53 94
53 97
53 98
54 8
54 10
54 11
54 15
54 21
54 25
54 27
54 28
54 33
54 35
54 36
54 37
54 40
54 43
54 44
54 45
54 48
54 50
54 59
54 60
54 63
54 64
54 65
54 70
54 71
54 73
54 75
54 76
54 82
54 84
54 85
54 91
54 92
54 99
55 1
55 2
55 3
55 8
55 12
55 13
55 16
55 17
55 18
55 19
55 20
55 25
55 28
55 30
55 35
55 43
55 45
55 46
55 48
55 49
55 50
55 54
55 56
55 57
55 61
55 65
55 67
55 68
55 69
55 71
55 72
55 73
55 74
55 77
55 79
55 82
55 87
55 90
55 91
55 92
55 95
55 98
55 99
56 2
56 3
56 4
56 8
56 13
56 15
56 16
56 17
56 18
56 19
56 21
56 24
56 27
56 29
56 30
56 35
56 38
56 43
56 45
56 48
56 53
56 54
56 55
56 62
56 63
56 65
56 66
56 67
56 70
56 71
56 72
56 73
56 74
56 76
56 78
56 80
56 82
56 87
56 88
56 89
56 91
56 93
57 0
57 1
57 4
57 13
57 17
57 18
57 23
57 25
57 30
57 32
57 34
57 35
57 36
57 41
57 43
57 44
57 46
57 48
57 49
57 50
57 51
57 54
57 58
57 59
57 60
57 65
57 66
57 69
57 72
57 73
57 74
57 75
57 77
57 83
57 84
57 97
58 2
58 10
58 14
58 19
58 21
58 23
58 28
58 29
58 34
58 37
58 41
58 46
58 49
58 51
58 53
58 55
58 60
58 62
58 68
58 72
58 73
58 78
58 81
58 83
58 88
58 92
58 93
58 95
59 1
59 2
59 3
59 8
59 9
59 12
59 13
59 14
59 15
59 17
59 18
59 20
59 23
59 24
59 27
59 28
59 30
59 31
59 32
59 33
59 37
59 41
59 44
59 46
59 47
59 48
59 51
59 56
59 57
59 60
59 66
59 69
59 72
59 76
59 79
59 83
59 84
59 86
59 89
59 91
59 92
59 95
59 98
60 7
60 8
60 12
60 15
60 16
60 20
60 26
60 29
60 31
60 34
60 35
60 36
60 38
60 39
60 41
60 42
60 43
60 44
60 46
60 51
60 52
60 53
60 55
60 56
60 58
60 59
60 61
60 62
60 63
60 64
60 69
60 74
60 78
60 79
60 83
60 84
60 86
60 96
60 98
60 99
61 0
61 1
61 7
61 18
61 25
61 26
61 27
61 29
61 31
61 36
61 38
61 42
61 51
61 53
61 55
61 57
61 58
61 60
61 63
61 65
61 66
61 70
61 71
61 72
61 75
61 77
61 78
61 84
61 87
61 88
61 89
61 98
61 99
62 4
62 12
62 13
62 14
62 17
62 23
62 24
62 25
62 26
62 27
62 28
62 32
62 34
62 36
62 41
62 42
62 48
62 49
62 58
62 59
62 60
62 61
62 64
62 67
62 70
62 71
62 74
62 75
62 77
62 78
62 85
62 88
62 90
62 92
62 94
62 95
62 97
62 98
63 1
63 8
63 10
63 11
63 13
63 15
63 17
63 18
63 22
63 24
63 26
63 28
63 29
63 30
63 32
63 35
63 36
63 37
63 38
63 39
63 45
63 49
63 50
63 53
63 55
63 56
63 59
63 61
63 62
63 64
63 68
63 72
63 74
63 76
63 82
63 83
63 85
63 86
63 87
63 89
63 91
63 92
64 2
64 7
64 12
64 18
64 21
64 22
64 24
64 27
64 28
64 31
64 33
64 37
64 41
64 46
64 51
64 52
64 55
64 59
64 60
64 66
64 67
64 68
64 69
64 71
64 74
64 77
64 78
64 79
64 80
64 83
64 84
64 87
64 97
64 98
64 99
65 1
65 2
65 4
65 6
65 7
65 9
65 10
65 13
65 14
65 15
65 16
65 17
65 20
65 21
65 22
65 24
65 29
65 33
65 37
65 38
65 39
65 41
65 43
65 44
65 49
65 53
65 54
65 56
65 59
65 62
65 66
65 67
65 74
65 75
65 78
65 79
65 81
65 82
65 85
65 86
65 93
65 97
65 98
66 3
66 4
66 5
66 7
66 8
66 16
66 17
66 19
66 20
66 21
66 23
66 25
66 27
66 30
66 31
66 35
66 37
66 42
66 45
66 47
66 48
66 49
66 54
66 57
66 59
66 61
66 64
66 65
66 68
66 69
66 70
66 72
66 73
66 76
66 79
66 80
66 82
66 83
66 84
66 86
66 87
66 90
66 93
66 95
66 97
66 99
67 0
67 2
67 6
67 7
67 11
67 16
67 17
67 18
67 19
67 25
67 29
67 32
67 34
67 37
67 38
67 39
67 42
67 45
67 46
67 48
67 50
67 51
67 53
67 54
67 55
67 56
67 59
67 61
67 63
67 64
67 69
67 74
67 75
67 77
67 81
67 82
67 84
67 89
67 92
67 95
67 96
67 97
67 98
67 99
68 1
68 2
68 5
68 7
68 9
68 10
68 13
68 17
68 25
68 29
68 33
68 35
68 37
68 40
68 41
68 44
68 45
68 48
68 49
68 52
68 54
68 55
68 56
68 57
68 59
68 60
68 62
68 63
68 65
68 66
68 69
68 73
68 75
68 78
68 79
68 80
68 81
68 82
68 84
68 85
68 86
68 89
68 90
68 96
68 97
68 99
69 2
69 5
69 6
69 9
69 11
69 13
69 17
69 20
69 21
69 23
69 27
69 28
69 32
69 34
69 35
69 38
69 41
69 43
69 44
69 47
69 48
69 49
69 50
69 51
69 56
69 59
69 61
69 63
69 65
69 68
69 74
69 75
69 76
69 79
69 80
69 83
69 85
69 86
69 89
69 90
70 0
70 1
70 3
70 4
70 7
70 8
70 10
70 11
70 12
70 14
70 15
70 16
70 18
70 22
70 24
70 25
70 27
70 29
70 32
70 36
70 37
70 40
70 41
70 42
70 43
70 44
70 46
70 48
70 49
70 50
70 55
70 56
70 57
70 59
70 60
70 61
70 62
70 64
70 66
70 67
70 72
70 75
70 77
70 84
70 85
70 89
70 90
70 92
70 94
70 95
70 96
70 97
70 99
71 0
71 2
71 3
71 4
71 7
71 8
71 9
71 11
71 14
71 15
71 18
71 20
71 25
71 26
71 27
71 29
71 31
71 34
71 38
71 39
71 42
71 43
71 44
71 45
71 48
71 50
71 52
71 53
71 56
71 59
71 61
71 62
71 66
71 72
71 73
71 74
71 76
71 78
71 80
71 85
71 88
71 90
71 91
71 93
71 96
71 99
72 0
72 3
72 7
72 9
72 11
72 14
72 17
72 18
72 21
72 22
72 26
72 30
72 33
72 39
72 40
72 42
72 43
72 45
72 47
72 48
72 52
72 53
72 54
72 56
72 62
72 63
72 69
72 71
72 73
72 75
72 76
72 77
72 79
72 81
72 90
72 94
72 97
72 98
72 99
73 1
73 3
73 4
73 14
73 21
73 25
73 26
73 29
73 32
73 36
73 37
73 39
73 48
73 50
73 51
73 55
73 57
73 59
73 61
73 62
73 67
73 69
73 70
73 74
73 75
73 78
73 86
73 91
73 92
73 94
73 95
73 98
74 1
74 2
74 3
74 4
74 9
74 11
74 16
74 17
74 21
74 22
74 24
74 31
74 32
74 33
74 35
74 36
74 37
74 42
74 44
74 47
74 50
74 56
74 57
74 58
74 59
74 64
74 65
74 69
74 70
74 72
74 75
74 76
74 85
74 90
74 91
74 94
74 97
74 99
75 0
75 3
75 4
75 5
75 13
75 15
75 19
75 21
75 26
75 34
75 35
75 37
75 39
75 40
75 44
75 51
75 59
75 60
75 62
75 67
75 69
75 70
75 72
75 78
75 80
75 83
75 85
75 87
75 90
75 91
75 96
75 97
75 98
76 1
76 6
76 11
76 22
76 23
76 24
76 25
76 27
76 30
76 31
76 35
76 39
76 41
76 42
76 46
76 47
76 52
76 53
76 54
76 55
76 57
76 58
76 61
76 65
76 70
76 75
76 77
76 79
76 80
76 82
76 83
76 85
76 89
76 90
76 93
76 94
76 98
76 99
77 1
77 3
77 5
77 8
77 11
77 12
77 17
77 18
77 21
77 22
77 24
77 25
77 30
77 32
77 33
77 34
77 36
77 37
77 40
77 42
77 44
77 45
77 46
77 60
77 62
77 63
77 64
77 65
77 67
77 71
77 75
77 78
77 81
77 83
77 85
77 86
77 89
77 90
77 91
77 94
77 97
77 99
78 2
78 4
78 5
78 14
78 19
78 23
78 24
78 25
78 28
78 30
78 31
78 32
78 33
78 34
78 36
78 39
78 46
78 47
78 49
78 54
78 55
78 57
78 58
78 59
78 63
78 64
78 65
78 66
78 68
78 70
78 71
78 72
78 74
78 86
78 87
78 95
78 96
78 99
79 3
79 4
79 6
79 10
79 11
79 16
79 18
79 19
79 20
79 21
79 22
79 23
79 25
79 27
79 31
79 34
79 37
79 38
79 39
79 47
79 48
79 50
79 56
79 58
79 60
79 61
79 62
79 63
79 65
79 67
79 68
79 69
79 77
79 83
79 84
79 86
79 88
79 89
79 90
79 91
79 92
79 94
79 95
79 98
79 99
80 0
80 3
80 5
80 11
80 17
80 18
80 23
80 24
80 26
80 29
80 30
80 35
80 36
80 37
80 38
80 39
80 42
80 43
80 45
80 46
80 47
80 49
80 50
80 54
80 57
80 58
80 59
80 60
80 63
80 64
80 69
80 76
80 77
80 78
80 81
80 86
80 89
80 95
80 96
80 97
80 99
81 8
81 9
81 12
81 13
81 15
81 17
81 24
81 26
81 27
81 29
81 30
81 31
81 34
81 38
81 39
81 40
81 41
81 45
81 46
81 48
81 49
81 50
81 53
81 55
81 58
81 66
81 68
81 69
81 70
81 71
81 72
81 73
81 74
81 75
81 78
81 80
81 86
81 87
81 88
81 92
81 95
81 97
82 3
82 10
82 14
82 17
82 20
82 21
82 22
82 23
82 28
82 32
82 33
82 36
82 37
82 39
82 40
82 45
82 46
82 48
82 51
82 52
82 53
82 57
82 61
82 62
82 63
82 64
82 66
82 69
82 70
82 72
82 81
82 83
82 84
82 85
82 93
82 96
82 97
83 0
83 1
83 8
83 9
83 11
83 13
83 14
83 18
83 21
83 23
83 26
83 27
83 31
83 36
83 37
83 39
83 40
83 42
83 44
83 47
83 50
83 51
83 52
83 53
83 57
83 59
83 60
83 62
83 64
83 65
83 66
83 70
83 72
83 79
83 80
83 87
83 97
83 98
84 0
84 2
84 4
84 9
84 13
84 14
84 15
84 16
84 19
84 22
84 23
84 24
84 26
84 27
84 30
84 31
84 32
84 35
84 37
84 38
84 40
84 41
84 43
84 44
84 45
84 48
84 49
84 50
84 52
84 55
84 56
84 57
84 61
84 62
84 65
84 76
84 77
84 78
84 81
84 83
84 86
84 88
84 90
84 92
84 94
84 95
84 98
85 0
85 2
85 6
85 7
85 9
85 10
85 13
85 26
85 27
85 28
85 30
85 33
85 38
85 39
85 40
85 42
85 43
85 45
85 46
85 48
85 53
85 54
85 55
85 60
85 61
85 62
85 64
85 65
85 68
85 71
85 74
85 77
85 79
85 84
85 86
85 88
85 91
85 93
85 94
85 97
85 99
86 1
86 6
86 11
86 13
86 14
86 18
86 20
86 21
86 23
86 27
86 28
86 32
86 34
86 36
86 37
86 38
86 39
86 47
86 48
86 56
86 58
86 59
86 60
86 63
86 66
86 71
86 72
86 75
86 76
86 80
86 85
86 90
86 92
86 93
86 94
87 0
87 1
87 2
87 4
87 5
87 11
87 12
87 13
87 15
87 17
87 19
87 21
87 24
87 26
87 28
87 30
87 36
87 37
87 40
87 41
87 45
87 48
87 49
87 50
87 51
87 52
87 54
87 55
87 58
87 63
87 64
87 73
87 78
87 81
87 84
87 85
87 89
87 92
88 3
88 6
88 8
88 12
88 17
88 18
88 19
88 24
88 28
88 31
88 33
88 35
88 39
88 40
88 41
88 43
88 44
88 45
88 47
88 50
88 54
88 55
88 56
88 57
88 58
88 59
88 61
88 67
88 68
88 73
88 77
88 81
88 84
88 86
88 87
88 89
88 94
88 95
88 97
89 0
89 3
89 5
89 7
89 8
89 11
89 25
89 26
89 29
89 35
89 37
89 40
89 45
89 46
89 47
89 48
89 50
89 52
89 54
89 55
89 57
89 61
89 63
89 66
89 69
89 70
89 71
89 72
89 73
89 77
89 79
89 80
89 81
89 83
89 84
89 93
89 97
90 0
90 2
90 4
90 6
90 7
90 10
90 13
90 21
90 23
90 27
90 28
90 31
90 34
90 38
90 41
90 45
90 48
90 51
90 52
90 53
90 54
90 56
90 57
90 62
90 65
90 67
90 70
90 71
90 73
90 74
90 77
90 78
90 80
90 81
90 86
90 87
90 97
91 2
91 5
91 7
91 10
91 12
91 15
91 24
91 25
91 26
91 27
91 29
91 32
91 34
91 36
91 38
91 43
91 44
91 45
91 47
91 48
91 50
91 56
91 57
91 58
91 60
91 63
91 65
91 69
91 71
91 72
91 73
91 76
91 78
91 82
91 86
91 87
91 88
91 90
91 92
92 0
92 4
92 5
92 7
92 8
92 9
92 13
92 14
92 17
92 18
92 21
92 26
92 29
92 33
92 34
92 37
92 38
92 40
92 44
92 46
92 48
92 51
92 52
92 53
92 55
92 57
92 62
92 63
92 64
92 70
92 71
92 72
92 75
92 79
92 83
92 85
92 87
92 88
92 89
92 90
92 94
92 96
92 97
92 98
93 4
93 9
93 14
93 18
93 20
93 23
93 26
93 27
93 28
93 31
93 35
93 38
93 40
93 41
93 47
93 48
93 53
93 55
93 58
93 61
93 62
93 64
93 65
93 66
93 69
93 70
93 71
93 72
93 73
93 74
93 75
93 79
93 80
93 81
93 84
93 86
93 90
93 95
94 2
94 3
94 4
94 5
94 12
94 13
94 19
94 20
94 21
94 25
94 29
94 31
94 32
94 33
94 35
94 39
94 40
94 43
94 45
94 50
94 52
94 54
94 56
94 57
94 62
94 64
94 66
94 68
94 71
94 73
94 75
94 77
94 81
94 90
94 92
94 93
94 95
95 0
95 5
95 9
95 10
95 11
95 12
95 17
95 22
95 27
95 32
95 34
95 37
95 38
95 40
95 41
95 42
95 43
95 44
95 46
95 50
95 53
95 56
95 57
95 64
95 65
95 67
95 71
95 73
95 74
95 76
95 77
95 78
95 79
95 80
95 82
95 85
95 86
95 92
95 93
95 99
96 1
96 3
96 4
96 8
96 12
96 14
96 15
96 17
96 21
96 22
96 23
96 24
96 28
96 33
96 37
96 41
96 49
96 50
96 51
96 52
96 55
96 57
96 58
96 59
96 61
96 62
96 63
96 64
96 65
96 66
96 67
96 73
96 75
96 77
96 79
96 80
96 82
96 85
96 89
96 90
96 91
96 92
96 94
96 98
97 7
97 13
97 17
97 19
97 23
97 24
97 27
97 28
97 31
97 33
97 37
97 38
97 41
97 42
97 44
97 46
97 48
97 49
97 57
97 67
97 73
97 78
97 80
97 81
97 83
97 84
97 86
97 93
97 94
98 0
98 3
98 4
98 8
98 10
98 12
98 14
98 17
98 21
98 22
98 24
98 26
98 27
98 28
98 31
98 33
98 34
98 36
98 38
98 41
98 42
98 43
98 46
98 50
98 51
98 57
98 58
98 59
98 61
98 65
98 66
98 67
98 69
98 74
98 77
98 79
98 82
98 85
98 86
98 87
98 90
98 95
98 97
98 99
99 0
99 4
99 5
99 8
99 9
99 14
99 15
99 19
99 21
99 23
99 24
99 25
99 26
99 27
99 28
99 32
99 34
99 35
99 36
99 43
99 47
99 48
99 51
99 53
99 54
99 56
99 57
99 61
99 63
99 66
99 69
99 74
99 78
99 85
99 88
99 89
99 91
99 94
99 96
99 98
